500 200
0
4 364 313 255 54
4 1 146 310 340
3 367 139 409
4 412 370 486 452
3 453 281 111
0
3 164 129 431
3 398 177 330
3 267 246 207
1 278
4 249 60 409 241
0
0
0
4 200 198 187 111
2 60 490
2 318 17
0
1 467
0
2 386 14
0
2 357 22
4 245 285 11 324
4 76 380 492 391
0
0
4 397 414 445 91
1 419
0
1 476
4 96 239 178 118
0
2 264 328
1 56
2 137 472
0
1 434
1 31
3 334 166 169
2 259 267
2 204 69
3 488 399 348
1 8
4 41 299 398 28
1 207
4 370 29 320 18
0
0
3 485 37 459
3 482 303 295
4 291 225 316 384
0
4 121 58 310 238
4 457 480 185 16
0
1 353
3 389 481 99
1 317
4 373 212 155 173
0
3 42 171 74
4 51 438 260 140
2 247 317
3 144 169 199
1 26
3 208 284 103
3 58 35 84
1 453
2 240 117
1 376
4 198 220 7 269
1 150
2 314 198
2 196 20
2 246 235
3 180 43 375
4 49 188 232 208
2 345 348
4 267 473 370 176
2 147 129
0
4 175 132 361 57
1 446
3 386 274 162
2 231 105
3 165 274 75
1 203
2 362 486
2 490 65
4 434 369 64 168
0
4 445 12 46 483
0
4 201 289 255 77
3 454 302 82
0
0
3 130 47 484
0
0
2 287 255
3 422 454 119
3 119 111 259
4 445 19 306 132
1 144
0
0
4 429 450 438 81
4 487 310 159 404
2 4 230
3 485 456 171
4 51 125 65 408
4 50 322 131 218
3 397 443 451
2 344 364
1 242
3 491 328 239
2 489 399
2 408 73
0
3 277 273 476
0
4 160 129 20 126
0
4 315 144 33 451
0
0
1 98
2 452 249
1 99
1 63
1 438
4 235 89 111 285
4 235 312 410 199
4 352 392 408 440
4 400 475 35 167
0
0
2 295 262
2 3 15
4 22 160 322 228
0
0
1 133
3 483 134 451
3 356 429 380
4 58 287 332 408
2 207 495
1 67
1 234
2 386 287
1 253
3 134 102 383
0
0
4 87 164 132 442
2 33 116
0
0
2 93 449
3 134 102 404
0
2 401 171
4 395 290 160 354
3 50 359 493
2 217 498
2 243 148
1 385
4 61 310 403 459
4 203 153 62 28
2 476 446
3 38 334 233
0
3 152 71 346
2 16 484
1 173
3 40 466 117
3 159 436 312
1 140
2 253 221
4 57 81 264 450
3 319 391 137
0
2 343 344
1 433
0
0
2 219 32
1 316
1 369
3 344 221 146
3 387 456 21
0
0
4 115 274 392 253
1 124
1 243
3 193 208 317
0
4 13 161 399 468
0
0
3 292 202 119
1 147
2 48 480
2 135 195
0
1 461
3 7 252 114
2 8 490
0
2 172 202
4 84 136 77 473
3 175 485 454
1 130
3 235 404 30
3 488 16 466
0
0
1 398
0
0
3 384 195 35
2 405 333
1 451
2 275 490
4 260 451 444 76
1 349
4 459 204 189 169
2 79 1
0
1 490
4 26 294 281 84
0
3 257 279 123
3 387 292 227
3 92 240 425
3 56 186 430
0
0
2 393 324
3 426 98 56
4 121 346 361 303
1 278
2 231 253
2 107 200
4 191 134 489 200
4 118 120 337 463
3 348 236 173
2 378 277
3 195 326 131
3 483 34 381
0
2 453 249
4 217 10 358 441
2 204 173
1 428
3 47 11 431
3 354 84 325
0
2 408 441
0
3 177 19 193
4 16 461 168 487
3 485 221 351
1 182
4 325 170 253 250
4 495 14 287 283
1 337
3 371 149 5
1 243
2 66 172
4 330 66 456 489
3 294 66 379
0
4 236 226 468 301
0
1 155
4 1 415 79 120
2 426 487
0
0
1 361
0
2 211 137
0
0
0
2 20 288
2 171 478
0
2 488 267
1 372
2 67 393
0
4 403 59 211 126
2 287 308
0
4 167 228 105 441
0
3 280 484 72
1 356
3 490 192 483
3 53 157 469
3 112 246 379
4 194 202 9 235
4 95 136 148 375
4 143 299 496 111
0
2 204 265
0
2 386 433
2 82 39
0
3 244 47 256
1 342
4 211 477 26 196
2 496 65
4 333 223 176 123
1 117
3 358 196 300
4 444 243 135 335
1 42
1 500
0
4 442 391 171 337
0
2 156 372
4 491 371 306 500
4 159 14 56 319
3 371 160 213
2 244 11
4 5 390 138 1
2 281 106
3 340 172 142
3 176 107 449
3 276 401 386
2 132 247
4 393 10 245 387
4 377 34 167 368
1 474
1 150
0
4 474 139 81 198
4 111 204 11 312
1 377
1 26
4 301 342 136 492
1 178
1 12
0
3 105 152 384
0
0
2 323 319
4 118 149 77 9
0
1 286
3 215 470 228
1 388
4 57 294 80 266
0
1 127
4 186 327 391 449
4 224 492 483 444
0
4 232 182 412 335
0
2 368 290
3 187 207 283
3 454 361 54
2 389 58
1 128
2 67 376
2 262 135
1 390
0
2 170 442
1 279
0
2 286 433
2 442 265
0
3 318 312 259
3 284 38 315
2 185 379
3 326 277 434
0
4 453 225 423 96
1 230
0
1 93
3 286 244 45
4 259 14 383 366
0
4 278 470 329 147
3 21 449 409
0
1 148
1 356
1 104
3 418 14 289
0
0
2 371 226
2 150 359
1 39
2 115 11
1 444
2 79 44
4 310 351 349 486
2 239 435
2 216 441
4 355 337 34 222
1 460
4 55 211 222 290
1 271
2 5 486
4 55 97 242 280
4 388 153 164 407
1 292
3 339 333 370
4 143 100 218 202
0
2 491 294
1 332
2 317 51
1 317
1 289
1 82
4 438 26 471 385
1 57
1 469
3 320 169 473
2 22 119
3 215 199 122
0
4 312 211 24 481
2 252 492
4 310 328 134 429
3 21 442 185
0
1 138
2 338 305
0
2 432 39
4 254 159 4 20
3 392 384 74
4 188 491 344 22
3 396 200 43
0
4 198 488 307 319
1 78
4 479 2 289 41
2 497 440
1 309
0
2 61 442
3 417 251 325
0
2 2 286
0
0
4 123 498 135 196
2 382 347
2 115 45
1 31
0
2 383 407
0
1 168
4 225 447 471 351
1 307
4 365 471 284 370
2 19 457
3 8 327 122
4 304 192 461 43
2 246 418
3 399 270 367
4 358 389 127 387
2 77 127
2 37 22
4 431 206 379 128
3 270 367 166
0
0
1 389
0
2 272 462
2 252 438
0
2 210 487
4 180 486 278 265
3 476 83 57
3 182 349 118
3 448 295 407
1 486
3 38 188 166
