500 200
1 461
4 116 3 128 166
4 103 402 470 184
2 223 86
4 168 52 21 436
1 376
3 256 50 328
0
2 132 369
1 189
3 25 98 487
4 30 299 322 281
3 313 434 487
1 198
3 44 37 84
2 305 77
2 226 448
1 43
2 486 276
4 272 441 335 201
4 222 54 177 442
0
4 218 452 441 177
4 477 474 382 86
1 131
1 359
0
2 145 333
0
1 143
1 366
4 264 136 275 233
0
3 488 465 190
3 335 332 251
4 347 387 39 364
0
0
3 394 167 390
2 31 354
3 409 475 70
4 183 474 267 216
2 236 344
2 478 76
0
1 84
1 128
1 182
2 431 139
0
0
1 30
4 86 288 220 132
0
1 368
3 444 214 52
2 60 413
4 17 417 147 233
4 439 159 267 29
3 173 221 279
0
4 193 183 2 11
0
4 157 197 206 478
1 416
0
4 59 387 138 479
1 348
0
0
1 161
3 57 235 240
3 251 275 136
3 295 234 52
2 239 466
2 368 354
1 101
3 198 260 183
4 290 226 394 92
3 41 441 32
1 103
2 250 23
2 94 230
3 130 288 123
3 348 174 46
1 98
3 262 437 158
4 51 268 98 436
1 299
1 228
4 22 87 337 496
2 137 303
2 376 235
3 28 78 414
2 449 61
3 303 433 353
0
0
0
3 13 349 207
1 383
2 326 264
4 298 273 112 244
0
3 365 81 384
0
3 170 413 279
2 261 137
2 146 41
4 192 151 447 175
4 220 67 8 130
2 197 217
0
2 395 468
2 80 455
4 277 86 435 339
4 27 181 165 266
3 14 99 43
2 103 280
1 191
1 246
2 133 363
1 444
4 10 291 282 260
2 219 21
1 205
4 138 480 343 421
2 359 105
2 287 12
2 185 172
1 360
3 474 497 101
4 446 340 214 266
1 18
0
4 477 275 440 125
3 87 306 195
4 8 326 394 461
4 278 463 145 181
4 133 165 405 30
2 254 35
4 56 478 214 333
1 481
3 140 168 390
3 10 220 374
3 360 324 95
2 98 260
0
0
0
0
0
4 395 116 298 109
3 122 110 363
0
4 60 308 292 100
2 278 220
2 14 176
4 214 103 144 236
4 429 179 256 9
4 320 343 431 239
1 192
1 442
1 334
2 480 232
3 392 482 398
4 159 203 288 244
2 212 355
1 417
3 18 458 483
0
0
4 339 388 154 199
2 146 279
4 102 131 489 217
4 227 496 41 293
2 357 365
0
3 266 412 434
4 450 175 351 9
2 470 272
3 493 298 436
0
3 293 200 357
1 461
0
3 20 172 78
2 151 76
4 23 77 377 411
0
4 247 285 68 201
2 334 166
3 354 219 490
2 268 113
3 256 46 66
0
4 12 106 142 283
0
0
4 43 110 240 263
0
3 6 177 441
1 197
0
4 209 382 100 494
3 227 450 345
3 288 55 186
0
4 150 403 488 22
4 485 64 308 280
0
4 102 324 18 466
4 55 105 389 472
4 209 422 331 125
1 44
1 41
1 125
2 295 93
3 33 222 90
2 420 432
2 177 72
3 283 59 409
0
4 184 381 244 138
3 8 103 372
2 85 79
2 374 123
3 24 320 438
0
1 377
4 217 453 449 16
1 153
1 386
0
1 68
2 371 225
4 256 444 418 181
2 30 64
0
0
3 224 125 372
4 224 452 365 312
3 408 159 16
4 17 449 67 490
4 319 33 389 428
4 54 440 339 51
2 261 160
0
0
3 56 484 200
0
0
1 29
0
0
3 84 488 289
2 198 19
2 302 491
0
1 117
1 87
1 363
2 212 413
3 201 223 449
2 217 385
2 393 148
1 156
3 471 228 289
3 236 176 414
1 196
2 136 79
2 433 311
2 339 430
4 58 214 475 452
2 311 393
3 429 240 404
4 149 224 381 236
0
3 99 346 52
1 459
2 394 145
4 108 435 359 147
1 341
1 352
4 199 202 120 194
2 143 370
0
4 19 94 319 239
3 434 14 310
1 86
2 104 246
2 78 428
1 194
0
3 102 337 260
0
2 3 333
4 31 162 230 340
2 109 249
0
2 484 493
0
2 263 170
3 22 325 358
0
2 252 290
2 261 36
0
1 465
4 175 172 441 45
4 389 381 403 239
4 403 49 29 332
4 433 14 80 298
4 30 119 279 493
3 431 9 305
0
2 12 401
3 424 448 57
4 248 375 415 108
3 230 97 309
3 313 376 215
2 314 115
0
3 84 128 442
1 473
3 478 284 96
1 66
4 294 72 95 282
2 251 17
4 493 97 425 244
1 318
3 352 26 410
4 168 129 446 170
4 230 16 274 351
2 20 47
2 405 385
4 50 202 476 365
4 42 147 45 299
0
1 66
3 198 406 13
4 14 307 55 40
0
4 463 115 57 150
3 386 274 116
3 433 163 357
4 494 82 69 177
0
2 206 200
4 277 133 94 211
3 34 71 223
0
4 62 173 201 143
3 85 28 497
4 286 122 367 345
2 33 382
3 75 19 308
0
3 416 181 3
3 338 8 395
2 339 327
3 356 379 304
1 333
4 412 471 194 39
1 472
3 315 354 268
2 473 76
4 199 367 389 286
0
2 300 470
2 340 66
3 268 222 44
4 208 371 30 217
2 263 205
0
3 467 441 68
1 306
1 103
1 190
2 14 399
0
4 145 494 325 210
0
2 450 456
1 2
1 481
4 424 273 210 220
2 154 35
0
4 458 333 15 346
1 145
0
1 381
3 227 45 195
3 300 365 227
2 151 357
0
4 472 427 230 198
1 300
2 457 468
4 482 354 296 4
2 138 76
0
4 94 238 363 34
3 262 386 42
2 349 380
1 27
3 76 276 164
3 389 293 105
4 464 125 197 374
1 104
3 411 351 83
2 226 452
0
3 329 120 6
2 375 223
3 273 90 275
1 54
3 431 100 321
2 234 119
4 136 122 114 331
2 498 283
3 316 64 398
4 459 199 475 165
3 85 285 381
0
0
4 108 284 138 26
1 429
0
3 63 475 494
1 212
4 348 107 448 479
4 251 68 407 76
3 123 153 84
2 324 69
2 22 60
2 397 435
1 201
4 177 59 214 96
2 273 201
0
0
2 408 208
1 135
4 151 414 457 346
2 341 228
0
2 106 352
2 154 283
1 489
4 117 444 470 424
0
2 32 375
0
4 311 308 119 412
1 446
4 191 254 80 330
2 147 30
4 112 109 3 98
4 225 65 160 51
2 46 251
4 104 415 56 45
1 60
1 93
4 491 409 248 368
1 268
0
3 465 488 146
3 425 323 187
2 416 191
2 67 481
4 225 217 223 17
1 192
0
3 444 289 450
4 197 376 356 164
4 466 175 247 176
1 380
4 286 242 427 112
2 308 395
0
4 134 372 42 330
3 115 116 280
2 366 170
0
2 382 422
3 498 131 319
3 239 392 350
3 34 221 61
0
3 34 117 136
3 357 288 31
2 351 462
0
2 455 248
2 377 300
0
0
1 122
