499 128
3 183 379 301
3 155 257 61
5 62 450 120 86 250
4 438 130 221 427
1 351
3 248 397 65
5 17 327 222 404 278
2 339 27
3 391 325 422
3 425 233 66
1 57
4 316 42 166 250
3 404 281 146
3 24 286 483
0
5 227 106 145 239 490
1 415
0
2 444 352
1 365
0
5 116 232 304 347 428
1 147
2 465 155
4 9 79 251 114
5 152 193 439 70 265
3 176 264 400
5 71 377 88 353 470
5 468 76 462 406 6
3 438 93 337
1 204
0
2 497 448
4 149 67 5 372
1 205
4 405 485 428 132
5 449 204 348 45 59
3 429 479 64
5 44 236 17 10 6
5 454 16 31 192 410
1 463
1 27
4 228 332 387 135
5 143 168 251 245 432
5 256 214 209 134 181
4 444 208 401 350
5 354 331 168 193 103
3 40 38 285
0
5 304 367 139 86 124
5 391 49 226 376 83
3 237 374 496
1 245
1 166
3 254 221 261
5 41 326 415 47 362
2 181 28
0
3 452 79 50
5 303 429 75 43 18
4 366 238 137 441
2 28 219
5 49 39 365 149 337
4 328 273 333 498
2 13 122
4 281 288 76 260
1 4
1 14
2 491 101
1 276
0
4 480 36 156 41
2 66 61
2 16 47
2 196 476
5 389 112 84 214 154
2 271 455
0
3 123 385 463
3 185 355 220
5 49 174 473 111 269
1 476
1 154
3 451 26 243
5 136 348 160 437 313
4 168 436 367 103
0
3 336 134 410
5 484 330 52 191 98
1 61
0
1 497
5 215 245 233 5 267
0
0
5 123 450 48 8 81
0
4 242 44 486 239
3 12 195 346
4 243 77 215 152
3 473 176 47
2 434 178
0
5 154 187 474 217 177
2 91 308
1 280
4 499 341 59 479
2 174 266
2 263 355
2 28 265
0
3 124 25 190
0
1 67
1 433
0
4 211 253 350 290
4 474 50 364 478
5 337 331 409 22 34
3 370 297 137
5 237 131 359 449 132
5 231 54 22 174 48
1 294
1 375
5 100 220 119 275 499
0
3 441 339 312
1 320
1 133
4 134 449 334 76
2 390 180
5 260 468 274 474 138
3 354 457 346
0
5 270 105 64 249 192
2 152 167
5 486 49 161 167 294
1 407
4 227 88 177 432
5 250 101 474 328 482
1 96
5 197 189 92 186 382
0
0
0
3 15 184 452
5 447 135 132 37 331
5 293 269 458 483 327
4 263 413 481 469
4 133 478 162 19
5 145 384 317 70 227
5 307 89 217 37 431
1 43
2 203 339
5 361 164 115 13 426
1 272
0
1 447
5 170 492 84 476 458
3 87 126 178
3 414 101 29
4 63 225 205 89
1 74
1 64
1 68
3 150 425 326
2 152 462
2 497 120
3 95 497 107
1 130
2 411 248
5 396 251 392 376 152
3 353 31 30
3 267 208 53
0
3 14 424 331
4 27 247 326 405
2 285 46
2 367 355
0
3 487 152 102
4 216 469 305 246
4 155 123 427 134
3 180 383 234
4 435 104 342 384
5 463 397 68 98 237
2 15 47
0
5 358 63 37 303 60
4 195 174 369 270
5 334 339 88 375 69
4 317 424 384 7
2 484 58
4 129 387 450 315
4 417 385 197 129
1 356
1 298
3 35 17 399
0
1 248
3 307 452 149
1 75
5 434 281 71 47 391
4 117 219 52 303
5 97 100 37 460 278
3 189 352 226
0
0
4 363 426 26 457
4 287 60 4 289
4 261 250 117 155
2 184 247
1 142
5 212 295 453 269 303
1 214
3 18 389 297
5 299 227 165 232 408
3 334 161 21
2 465 308
5 418 8 224 411 83
0
5 336 154 194 204 384
0
3 413 119 419
3 217 287 339
2 233 30
2 381 226
4 4 103 485 414
2 365 460
3 471 305 78
0
3 441 56 378
0
3 91 197 229
3 184 480 325
3 336 104 70
5 318 165 279 32 403
2 357 406
1 317
1 78
4 298 52 72 44
5 199 355 331 52 323
0
0
4 263 390 59 68
5 477 479 463 363 59
5 214 160 116 335 75
0
3 104 118 353
1 460
5 494 70 297 30 215
0
4 175 37 167 228
4 494 21 10 460
3 126 221 152
2 39 93
1 213
0
1 1
0
2 482 435
1 178
5 10 95 32 301 266
4 305 420 130 204
2 194 213
1 49
5 200 407 399 480 419
1 302
0
0
3 89 63 275
3 48 216 19
2 170 473
3 186 192 307
2 106 2
1 201
2 263 28
2 347 18
0
5 40 258 39 410 9
1 259
2 373 70
5 34 389 91 437 417
5 358 433 325 242 490
3 222 170 123
5 448 64 164 384 69
2 497 129
3 407 339 102
1 372
1 480
3 27 323 440
1 167
0
5 108 428 153 170 329
2 364 178
4 298 489 227 424
2 144 172
3 81 133 5
2 352 457
3 438 402 407
2 121 441
0
5 408 489 253 394 469
5 349 279 262 11 289
5 257 260 343 207 118
0
5 486 41 57 313 337
1 246
4 133 299 423 261
0
1 5
0
4 115 249 204 454
3 374 274 416
4 240 225 338 324
1 393
1 458
5 135 59 330 379 247
3 310 459 53
0
4 1 359 358 362
2 3 289
1 467
5 220 84 167 380 102
4 36 272 386 456
1 306
5 10 467 188 414 356
1 454
3 61 215 481
0
3 313 402 195
4 36 303 390 166
2 240 390
3 45 430 259
5 211 189 31 159 424
0
3 26 471 128
2 198 479
1 52
5 226 114 193 396 169
0
2 91 35
4 45 491 382 133
1 333
5 356 275 81 100 357
1 207
2 416 445
4 389 431 298 263
3 36 238 133
3 313 91 17
4 254 408 28 38
5 309 244 109 416 371
4 174 409 28 307
1 225
1 443
0
3 341 476 203
3 88 234 344
4 411 438 231 412
1 55
1 9
1 172
5 421 179 318 54 373
0
0
4 219 177 41 295
5 239 308 248 348 447
1 442
4 17 162 176 253
5 70 32 262 265 421
1 135
0
1 268
2 456 42
0
3 59 345 49
4 417 167 206 358
4 359 68 207 208
0
3 424 333 360
3 32 346 419
4 270 380 407 12
1 449
4 422 455 307 339
1 483
1 317
0
4 320 324 13 211
4 471 421 157 251
1 47
3 146 219 382
1 222
1 308
0
4 19 100 230 292
4 327 50 71 127
3 86 357 183
2 363 498
4 221 188 198 219
2 131 299
3 376 176 257
4 443 426 277 79
1 448
2 15 499
2 121 191
0
1 455
4 284 217 445 309
1 196
5 421 387 193 256 185
4 304 314 454 495
3 273 342 221
0
5 273 248 262 118 490
5 481 278 143 214 120
1 411
0
2 122 393
5 441 494 293 343 86
5 19 266 419 305 30
3 88 258 444
2 22 383
1 162
0
4 115 471 72 449
3 122 422 172
4 244 26 99 334
1 423
5 241 80 50 177 309
2 331 261
4 455 60 59 62
0
1 218
0
2 208 236
5 453 471 146 160 276
3 279 270 118
0
2 428 87
3 234 347 300
3 128 392 370
2 404 108
5 287 102 441 434 171
2 267 129
1 9
1 378
3 144 148 121
0
3 342 117 11
4 440 142 265 212
3 188 263 451
0
4 76 330 479 429
3 453 423 182
0
2 448 216
1 76
0
2 466 227
2 467 376
5 347 439 311 427 44
0
1 58
4 482 148 103 341
0
3 324 270 439
2 418 55
5 89 470 254 134 138
2 133 472
3 356 411 418
4 139 68 19 358
0
4 8 155 246 455
1 300
5 132 332 67 282 13
1 422
4 414 480 178 378
4 224 179 3 213
0
2 84 298
4 305 438 116 459
1 91
4 199 146 386 71
1 457
5 208 303 275 421 257
3 338 299 104
5 152 359 75 96 381
0
2 336 74
4 4 125 3 70
2 405 377
0
3 394 74 462
3 252 413 127
2 21 130
2 416 402
2 408 435
0
3 192 331 300
