500 2
1 320
2 155 305
3 240 358 178
0
2 241 127
2 125 157
3 313 4 172
2 299 54
1 102
1 307
2 115 310
2 244 124
0
0
3 465 438 53
1 430
3 113 74 55
1 160
1 7
2 44 58
0
3 252 401 71
1 230
0
0
1 159
0
3 370 95 488
1 235
2 230 390
3 154 234 353
0
0
0
1 351
2 193 292
2 202 382
1 125
1 417
2 51 356
3 214 383 225
1 364
1 254
3 268 62 345
1 468
2 426 358
0
1 37
0
0
2 484 274
0
0
1 406
2 210 318
0
2 387 329
0
0
2 130 151
0
0
2 380 445
2 54 418
2 51 148
3 270 416 143
3 143 332 122
0
2 381 273
0
0
1 378
3 185 207 419
0
2 375 476
0
0
2 401 445
2 225 393
0
1 140
3 113 22 185
0
0
0
3 316 462 39
1 13
2 325 404
0
1 458
0
3 412 237 227
0
1 29
0
2 109 327
3 463 160 328
1 233
3 109 51 225
1 478
3 94 499 34
1 125
2 293 382
1 121
0
1 116
0
3 425 483 441
3 229 185 70
1 186
2 45 112
0
1 77
3 413 164 261
1 70
3 127 161 213
3 421 488 262
3 270 384 489
1 341
0
1 459
1 166
3 386 415 351
0
2 467 320
0
0
0
2 87 262
0
0
2 239 361
3 355 282 202
2 145 203
3 17 136 266
3 286 320 282
3 169 117 170
3 247 446 104
3 353 441 262
2 34 199
2 417 370
1 352
0
1 97
2 336 146
2 12 60
2 362 374
3 240 5 335
2 338 237
3 262 293 395
0
1 34
3 199 121 84
3 345 121 124
3 358 119 490
1 114
0
1 38
0
3 498 397 421
2 346 142
0
1 305
1 340
0
2 467 302
1 159
0
0
2 224 337
3 111 152 413
0
2 261 415
3 72 160 449
2 236 254
1 177
1 27
0
3 208 162 345
1 428
1 85
0
3 390 191 250
0
2 14 247
0
2 330 360
2 29 406
2 177 275
1 496
0
3 183 418 75
3 34 410 444
0
1 230
2 450 270
2 102 481
1 478
2 134 35
2 436 239
1 325
3 31 429 349
0
3 423 312 408
1 467
3 323 456 163
1 317
1 182
2 156 468
1 444
1 181
2 269 311
2 159 143
2 88 197
2 456 76
2 284 106
0
2 12 327
2 256 177
3 299 377 500
2 129 315
3 392 101 92
0
0
1 398
0
0
1 223
1 308
3 266 470 222
1 110
3 39 49 43
2 187 8
0
0
0
2 113 192
1 386
1 419
0
1 450
3 87 92 500
0
0
1 34
0
0
1 124
3 129 342 169
1 120
1 377
3 178 48 248
1 51
1 396
2 298 453
2 208 253
1 83
0
0
0
0
3 490 291 444
3 365 476 382
2 348 481
0
2 160 352
3 278 372 238
1 86
1 326
2 159 7
0
1 151
3 90 392 390
0
0
0
0
1 125
3 213 402 452
0
3 192 96 173
1 20
0
3 211 466 408
0
2 29 367
2 26 86
2 454 407
1 233
2 343 158
3 406 486 301
3 373 179 256
2 284 318
0
2 91 161
1 365
2 158 348
0
1 412
1 132
0
1 305
1 138
3 111 173 184
1 120
3 182 184 434
1 274
3 58 335 269
0
2 219 491
1 410
3 170 265 8
2 92 426
0
1 424
0
3 348 465 98
3 333 460 86
2 473 269
2 135 38
3 80 1 109
0
3 482 442 148
1 490
3 245 204 42
0
1 19
3 146 446 87
2 179 120
1 263
0
3 283 260 167
0
1 41
1 168
1 337
1 420
2 372 426
1 307
1 72
0
2 70 449
1 277
1 222
3 232 70 436
2 286 69
0
1 234
2 393 116
3 184 114 405
1 170
0
3 179 418 346
2 226 255
0
3 12 129 109
2 439 151
3 141 492 270
1 26
1 95
3 301 157 489
2 142 88
1 342
0
3 394 474 350
2 483 45
0
0
0
1 466
0
1 92
2 443 500
2 268 441
1 165
2 445 441
1 41
3 126 394 344
0
0
3 393 288 97
3 363 81 405
3 393 147 77
3 160 397 132
2 207 227
3 72 94 238
0
3 212 183 122
3 37 453 291
2 355 66
2 445 235
2 406 121
0
2 429 262
2 163 409
0
1 253
2 485 193
2 364 252
0
2 451 325
2 462 127
0
2 202 191
1 21
3 348 347 56
3 36 493 429
1 280
0
1 439
0
0
3 436 104 149
0
0
1 451
2 284 154
0
1 151
1 109
0
1 334
1 117
2 366 172
2 291 217
1 94
1 449
2 267 245
1 32
2 26 120
0
1 439
3 148 449 42
2 178 338
0
2 474 319
2 19 487
1 303
0
3 149 490 64
3 379 215 295
0
0
1 105
1 309
1 164
2 443 147
2 378 167
0
1 98
0
3 440 274 194
3 76 449 87
0
1 353
2 429 306
1 131
3 414 31 109
3 470 201 164
2 498 476
3 205 9 234
0
2 343 273
2 83 209
3 250 325 107
1 25
3 16 477 187
2 101 473
1 172
2 258 418
1 499
1 346
1 410
1 251
2 482 320
1 380
2 383 375
1 451
3 358 102 13
0
3 427 253 254
1 212
2 181 416
1 91
2 155 303
0
2 97 87
0
2 162 392
1 460
1 470
1 485
1 45
0
1 375
0
1 85
1 154
0
3 105 152 296
