182 153
5 2 85 92 124 148
5 19 58 87 93 151
5 5 69 117 131 133
3 114 131 166
2 142 153
1 65
3 20 89 158
5 9 13 28 108 158
0
5 43 82 110 116 158
2 67 83
3 35 115 170
2 37 50
2 11 135
2 51 66
3 38 44 56
6 58 96 154 161 172 179
4 44 112 149 155
4 48 69 148 166
3 30 95 112
3 54 89 157
4 104 122 131 182
5 16 54 128 170 179
3 7 40 182
3 33 55 103
5 12 30 55 67 167
0
3 60 102 109
5 3 12 122 165 171
4 16 125 145 149
2 162 181
3 7 44 85
3 77 168 179
3 70 91 151
1 96
3 58 124 138
0
4 44 146 164 170
5 47 49 65 95 126
4 12 83 140 143
3 7 108 123
3 125 144 157
2 175 178
2 81 158
4 10 37 98 148
4 29 30 52 152
5 27 53 63 71 91
4 13 43 47 91
6 12 13 47 69 82 107
2 2 66
3 11 36 103
2 16 146
3 15 59 72
2 38 106
0
2 87 118
3 73 113 115
1 123
4 44 56 72 181
3 22 86 138
4 88 91 131 141
3 7 70 168
5 11 24 40 41 85
5 30 114 170 176 181
3 18 118 182
1 138
1 154
4 2 29 142 149
7 3 38 47 89 93 109 117
4 147 155 174 179
1 179
2 56 143
2 101 145
4 22 76 121 157
5 9 18 47 68 116
3 17 63 158
1 86
5 63 121 147 148 177
2 41 53
5 3 68 94 117 126
2 25 174
2 80 85
3 91 132 169
5 39 105 127 137 157
4 8 64 148 182
6 34 36 52 100 164 179
3 5 71 74
1 61
3 35 71 153
0
3 68 74 173
0
6 14 61 70 99 113 134
5 1 58 70 119 146
5 30 47 105 167 179
3 86 94 167
3 25 132 168
5 15 27 49 94 164
3 23 68 160
1 76
4 26 83 118 139
6 2 73 79 89 103 161
2 2 11
1 34
1 110
8 31 42 43 48 75 102 114 123
0
3 6 113 148
4 26 45 114 182
3 11 124 156
3 140 147 173
4 67 88 106 132
4 27 113 117 177
2 9 163
1 129
6 12 15 78 102 153 159
3 98 101 148
4 4 25 28 116
6 18 37 68 106 141 153
2 23 174
1 72
4 44 45 62 124
5 20 22 50 143 180
1 11
1 69
2 10 158
2 34 45
1 160
2 82 133
3 14 33 77
2 103 136
1 90
1 166
3 53 107 123
5 29 58 121 170 172
7 2 33 40 46 137 164 180
4 87 135 176 182
1 105
2 135 153
3 74 136 155
2 1 17
4 20 42 125 134
0
2 103 106
1 1
3 140 147 166
1 29
4 59 67 103 143
3 15 96 125
1 47
5 9 22 86 97 176
7 62 83 84 86 113 150 157
1 128
5 9 48 54 122 159
3 88 104 133
5 28 90 95 130 176
4 91 92 93 144
0
0
4 54 121 123 177
2 130 134
6 23 26 43 56 93 97
2 59 122
2 78 137
1 44
3 50 142 161
2 1 21
5 48 64 70 124 147
1 137
5 16 131 144 149 170
3 59 95 161
5 41 68 102 104 117
5 23 61 110 129 181
7 1 3 82 101 153 166 172
1 101
4 29 88 155 168
4 10 16 86 92
6 6 13 49 86 105 135
0
7 41 45 107 128 147 174 181
2 58 101
4 62 67 85 162
